(-0.4307829,-1.8436477363151376)
(-0.1625189,-1.5035919949140735)
(-0.1625189,-1.124474539125353)
(-0.1625189,-1.6232248191318206)
(0.3715636,-0.44286136656526814)
(0.7654678,-1.8722996888694121)
(0.8544153,-0.35102145767266274)
(1.2669476,-0.4988377051905049)
(1.2669476,-1.1627671252728424)
(1.2669476,-0.351173160607566)
(1.3480731,-0.7376738795527422)
(1.446919,-0.06712890377112857)
(1.4701758,-0.6682297820505219)
(1.4929041,-0.14328220414114157)
(1.5581446,-1.9536346223202807)
(1.5993876,-0.015363372330267744)
(1.6389967,-0.3664065886942614)
(1.6956156,-1.1745425616800071)
(1.7137979,0.27896275650985314)
(1.8000583,0.8099465804041586)
(1.8484548,0.9778619534248947)
(1.8946169,-0.7420911171558946)
(1.9242487,-0.24812868508986563)
(2.008214,0.1828082276246784)
(2.0476928,-1.111241397408087)
(2.1575593,-1.89931161996239)
(2.1916535,-1.318564372842266)
(2.2137539,1.1838337920713946)
(2.2772673,-1.7927308709878529)
(2.2975726,-0.6425891796409235)
(2.3272777,-0.48018097932635784)
(2.5217206,-0.2669640698631635)
(2.5533438,-0.23388720442912325)
(2.5687881,1.7069998008076765)
(2.6567569,0.9449159429324105)
(2.677591,0.6997354941459185)
(2.7180005,0.26618138388859547)
(2.7942279,-0.7121464137830313)
(2.8063861,0.040691319809684434)
(2.8124102,0.49862936001167524)
(2.8419982,0.5932368869284718)
(2.8535925,0.32558296424961686)
(2.9204698,1.1303237548868572)
(2.9626924,0.32611625660441496)
(2.9626924,-0.33823388679738225)
(2.9729753,0.1472392423942641)
(3.0130809,1.0408668534067052)
(3.0373539,0.49412432042135307)
(3.2752562,0.5767499651642356)
(3.3375474,1.1779041095428426)
(3.3928291,1.5653468107626436)
(3.4355988,1.2378386370214325)
(3.4578927,1.565488909597987)
(3.5160131,-0.15897087290698247)
(3.5307626,-0.036793879689405395)
(3.5652984,1.6218090336149489)
(3.5876769,-0.5142660397071142)
(3.6309855,1.4648054278452851)
(3.6800909,0.39769501800760143)
(3.7123518,0.4312989222777678)
(3.9843437,1.7334801184243935)
(3.993603,2.3870858966334105)
(4.029806,1.3084817080276658)
(4.1295508,1.3450232104739417)
(4.3851468,1.9433669069577535)
(4.6844434,0.5775988114412467)
(5.477509,2.674538722987559)
